LINK_ETH_0.3%_ETH 1.7105732714202764  0.8759058845174087  1.1536758140288212  3.189652093590875  0.9196894519228014  0.589701432886574  0.7634684844309647  1.4399365981112737  0.09361617520925475  2.623429115203184  0.8862634864533417  0.7237523770964522  0.2736659280841417  0.6483245465334195  0.5615342752021283  1.1804688024245615  0.9149693543616975  0.8375433592047608  0.3900759474129819  1.202816282157947  0.9076140717656461  0.6303984778986681
UNI_ETH_0.3%_ETH 1.0320631100620932  0.3929746134742382  0.6336694851887817  0.5669470760262605  0.8408458895666949  0.4442526279550971  0.9073217787241344  0.584312002783073  1.0374558486086067  0.5779725681544307  2.4651132052378117  0.0968165865999617  0.6719465340074373
ETH_ENS_0.3%_ETH 0.44305257169380036  0.8229859938514392  0.2674372140943516  0.9141850221416347
ARB_USDC_0.05%_ARB 0.41211207924417737  0.7979593781267704  0.45156263131193697  1.0497329342913178  0.7882162219357435  0.7250173432880168  0.4474771820349411  0.7533702269413984  0.48870114998912323  0.5091582188601017
MATIC_DIMO_1.0%_POLY 0.4955609362774661  0.8331784799118012  0.9614932874226633  1.25692953364359
MATIC_AAVE_0.3%_POLY 0.5627025032978943  0.626348365765938  0.8816773746242277  0.8325437500175343  1.1617455698408734  1.2588818487841393  1.3519007690357852  1.0521154113562068  0.8693018138244692  0.984093036124076  1.5218930021534647  0.8368688969298755  0.6848447704576802  1.0133928344743703  0.6758928951760627  1.0478153528551422  0.6814399059273295  0.6756076269840401  0.7816865303291247  0.8163481420364704
MATIC_PYR_1.0%_POLY 1.129417194033134  2.7179338775312596  1.9504884981330777  2.759711887756577  2.0204983311437825  1.8754561621996493  1.3580840239557082  2.641868921925054  4.077004239358496  1.803646015121175
MATIC_BTC_0.05%_POLY 0.80470682530141  0.12320522235225922  0.12321438337371275  0.43568658796608  0.6578774489416904  0.4160300128851318  0.203818871086205  0.17420836987695612  0.27959191132345784  0.2360182228989216  1.5371257201479973  0.5742263197389298
MATIC_CRV_0.3%_POLY 0.8496934335275206  0.908393780580092  1.1530327470061759  0.555343841543692  0.6814933228120867  1.8453058184037203  0.35597334976878786  0.9581898665882512  1.4415747540027408  0.37854372248859064  1.695571910546855  1.3102457517869734  0.3173835246702355  0.29369712655743224  1.6604451957604627  1.0555634916719865  3.859384561797006  1.2515968401048063
LINK_ETH_0.3%_POLY 0.4263430376730806  2.2658362172183972  1.2961316024237275  0.4080519284974494  0.6481507750441479  0.6892267653060843  0.6340375778692126  1.0482996615214053  0.1835005888795701  1.1505531704466778  1.0081370141563155  0.5451513913403886  0.7821799716556562  0.548637827222538  0.6305754912447338  0.7448997087712631  0.9056708090131601  0.5375695931401658  0.4409406913048266  0.5459270930516789  0.8381110834238096  1.5060315998211158
ETH_AAVE_0.3%_POLY 0.32061216796614583  0.34139418664007426  0.6587645804205097  0.9432840040315265  0.6700982925358806  1.6486531108221858  0.8103873452352996  1.425753208430331  0.6407713922999682  1.3395080177257281  2.0426254123112333  0.5078145780293145  0.5366121915801739  0.8941651541125087  0.5860937915809126  0.715826224890177  1.9860204899463942  0.7745343781030338  0.6997816677017601
USDC_LINK_0.3%_POLY 0.23155134222042648  0.5193908921548984  0.5861638690179553  0.5931387621798885  1.2874837387920723  0.7407125845753306  0.4500580624870168  1.1257434749237074  0.8352332868893483  0.5341885352827338  0.5748816243533287  0.5646647898666577  0.6965136045122775  0.7405672316722476  0.9300501053491695  1.0896490323670387  0.5991081187638169  0.8790200683363786  0.5315536067314925  0.8149854207007521
MATIC_UNI_0.3%_POLY 1.3975596264910066  0.7504147434296574  0.7070192114545231  0.4159322635017793  0.872001336638791  0.6932250618369908  0.5446454257638134  0.6847370595886787  0.6407041726103022  1.3549641397483683  0.8234126875483775  0.6662072482027902  0.7364167052120328  0.6232124400894734  0.7908362218689373  2.0391828441370747  0.7379011076370756  1.1539291757566617  0.8522015149248462  0.6090970744040486
MATIC_LDO_0.3%_POLY 0.9287299063213604  1.0462016215326746  1.1763663539016664  0.878859021237947  0.9309054474984446  0.5843614412453605  0.27245452375523704  2.870915967434352  0.5245243826154249  1.1920539923094646  0.6601125523332286  0.4369807158153098