LINK_ETH_0.3%_ETH 1.7087116587775217  0.7464532692984948  0.46362345285879925  1.2362893231996446  1.7086794993381687  1.0946837396476543  0.524222641843303  1.9240487799118764  0.6474719383113504  2.0077459611372084  0.43349710185749113  0.17483395056668918  1.2534599265447088  1.327198578177977  1.5722858107842161  0.5683258545756413  0.6706634516493941  0.7299876889749478  0.45555823369604076  0.7938926439493318  1.6487254025527214  1.2611100708652714  0.6702239591772349  0.5700446839782246  0.3328446561761373  1.221051797507879  1.1843649483398142  0.7099697692938919  0.6597849184161823 
UNI_ETH_0.3%_ETH 1.133517236162061  0.9347643375063076  0.39911623716265326  0.45465554660889274  0.6302100650077755  0.8779386482345483  0.2382835923824432  0.5598559926543049  1.2375474496725885  1.3277918251557568  0.43080309381852777  1.7995117334190704  0.6547173525419002  0.7190897550499962  0.522432483653735  0.20539356177813994 
ETH_ENS_0.3%_ETH 0.43848666856662727  0.7687985699741354  0.1655278481244927 
ARB_USDC_0.05%_ARB 0.23335478704066548  0.7415886858984813  0.916512500122675  0.531998811032922  0.7948371302015221  0.675558853973855  0.9842324544641563  0.6653777651495214  1.0975528387682152  0.6871403934436029  0.9943059632310931  0.47889795062325213  0.3579329364567035  0.591365329234549  0.4128802368623416 
MATIC_DIMO_1.0%_POLY 0.6992290155532471  0.5873156617742964  1.521410928266968  0.9349516283838881  0.8270357708552232  1.596939066352497 
MATIC_AAVE_0.3%_POLY 0.3941318386149977  1.1263961024534859  0.3372221233513606  0.7490903809493588  0.5391204707656323  1.2558197977260097  1.5672774432112289  1.0586924844113108  0.9664436708162308  0.956493701749151  2.2253242617728084  1.0026031063523093  1.0583280034975127  1.0712542182458875  1.3649494466365444  1.3307577975397036  0.8432426065066955  0.6165822677123529  0.6133132420992713  0.40572171680171826  1.4725203746705486  0.8595938421952317  0.6502558301793202  0.9583570373924498  0.5144017607108466  1.3027550976031046  1.0259341218743026  0.5965054381149267  0.5809754355821048  0.9016022112176457  0.4836117469635385 
MATIC_PYR_1.0%_POLY 1.2255142819876794  1.9354485071538865  1.2933990264106974  3.9476237478448635  6.309968138346044  2.848601589427297  2.417023468081453  1.2478987421568006  3.6248001126791918  2.787223033439134  2.798419358098979  1.232350368916655 
MATIC_BTC_0.05%_POLY 0.6829579154331815  0.24599578136747527  0.0829798092149427  0.10452664772886903  0.1594768888252787  0.6977018363643908  0.533603056123622  0.43039930582559643  0.28604253268045987  0.16989960808100746  0.37813043392580825  0.20976767616411698  0.32636175750238583  1.005639029030193  0.7600054171577575  0.6857415820431146  0.5486462983467976 
MATIC_CRV_0.3%_POLY 0.798282742043842  0.6175268028702938  0.39289269333239135  0.9440553818456734  0.6088812975788699  1.2054163977294343  1.041432109745132  0.6792294466461064  1.760975419511791  0.3300237804849737  1.140532524021252  0.8932056512307054  2.119237592002628  0.48905895851459885  0.5965955300998445  1.2390736949181327  1.20851567896486  1.1634878723090702  0.35766254987324464  0.21781514386379017  0.28180293306204945  1.6822912202455986  1.3293007960035959  1.3742960069465802  0.8437404764846805  3.525028138846112  1.466944680426749  1.2025349384205182  0.7576125359062708 
LINK_ETH_0.3%_POLY 0.5584269402406618  1.4599626828811147  0.9556261176560844  0.4662206445206618  0.6961482677642348  0.43474022211906427  1.0832804793631914  0.5715470170620236  0.9532062055445463  1.0979930171853587  0.4960913843949  0.15084747269870874  1.8899017245615903  1.0459606874764542  1.1549702933175636  1.073969274527523  0.6870468385522936  0.8675100649065349  0.4889832333006136  0.6666804632714944  0.3997463269347275  0.6986914280145223  1.21963551271803  1.1573964181055618  0.7045848561721224  0.5254279279478452  0.4289759352587102  1.7598523093565506  0.6348571950922481  0.9286660984297553  0.5776788733530849  1.314291029907731 
ETH_AAVE_0.3%_POLY 0.615250868910052  0.39840113907907565  0.7499518153588906  0.3293643980529555  2.244231676807128  1.6996410753623996  0.7346819036665716  0.849273820757815  1.4208473390790393  1.0659897854423148  1.5034883239696508  0.5525532565629042  0.9946500391237314  0.9801374213443541  0.7288945794267654  0.5023021557549725  0.7001676703760382  0.5232711514188826  0.9126080900827194  0.5747281713592648  1.4091283226902496  0.5517671147848656  1.7469301433515856  1.4801470104451093  1.2214131429255437  0.8519830592582066  0.46231088180193025 
USDC_LINK_0.3%_POLY 0.39690202295812743  0.24050322087781814  0.5907305480533062  0.601622375833789  0.5380044718583209  0.6759210751561655  1.2899276566636457  0.6804965294804771  0.6074688416129279  0.41248933739556437  0.87666094438204  1.040237405586471  0.7971698183186674  0.4977290020860056  0.48770849925035403  0.41131564644435165  0.5825473512911568  0.8192010912474701  0.5561722614723519  0.48388680050135907  0.5594694818780112  0.9153330293451675  1.0853170008805866  1.1012151132085992  0.505463259442356  1.0353936821317575  0.6963422881394432  0.550669223412824  0.6959354422985572  1.4864273592818755 
MATIC_UNI_0.3%_POLY 0.935781187571159  1.682108672625314  0.42338277543023795  0.47103080226124494  0.46681267464392445  0.4564328573973054  0.6626315685598417  0.5658836939768918  0.5938639617772178  0.5865929270285264  1.1134013312126556  0.6472820868636346  0.640412985459945  1.2376591445350624  1.3096384433545443  0.7235063888234123  0.5791519861124124  0.4304010340955728  0.7827709122233384  1.0533798648042647  0.6255198541309785  1.3274463101784844  1.0774051844109165  1.7781756443312986  0.6468373678137862  0.4906625957413266  0.9467192191916831  0.6491047147738347  0.6782026899493854  0.6052980280206698 
MATIC_LDO_0.3%_POLY 2.002551370631435  0.9770880176151351  0.6093014608917351  1.916810200513637  0.5475097113233894  0.5839714891538886  0.273222968984026  0.9927708703213699  0.9682155357784423  1.2210480713307437  0.7545504324028185 