LINK_ETH_0.3%_ETH 1.8149538659056652  0.9566529819507454  0.7411855781102259  0.42698890176991783  0.50273454025759  0.6045845793807986  0.7731898545287232  1.4557806456268405  0.16861119422699639  1.0575678878584425  0.5825701711458866  0.7837691427548453  0.545120362023484  1.1407120746380495  1.2670444204773736  0.4266290606318131  1.4129656462061277  0.43154348585267194 
UNI_ETH_0.3%_ETH 0.9246990272148041  0.4398894347116892  0.323916309440739  0.3673998012595054  1.510775125997138  0.29128471688779634  2.1193095508973046  0.8956162380708289  0.32639683697419214 
ETH_ENS_0.3%_ETH 0.569083937874313  3.9645871575766933  0.3240668330178313 
ARB_USDC_0.05%_ARB 0.404028305538626  0.785291261486611  0.8380273467756341  0.9819813247249158  0.6692778343393601  0.4130473463216385 
MATIC_DIMO_1.0%_POLY 0.8271604858153023  1.0179712267684669 
MATIC_AAVE_0.3%_POLY 0.4068496678225976  0.5748395729285825  0.4099137389324923  2.1201948562076867  0.888583194087989  1.4334148738861547  1.0720224741126263  1.4303205708990334  0.6598607370092053  0.3274337220738159  1.0070483293588424  1.3528280849240952  1.0952359631984323  1.0556199655507668  0.4216837127360239 
MATIC_PYR_1.0%_POLY 1.4906281260989471  0.3397824900623571  2.065777350111118  3.5681035995877104  1.3615204264782814  1.4606195396667216  4.780811251291517  3.6613562079115836  2.3355100359688343 
MATIC_BTC_0.05%_POLY 0.2144614516309159  0.10249826479811508  0.10902837785640175  0.9956608338730962  0.2755757053008487  0.2529111879456307  0.38570168863313836  0.3436730725222051 
MATIC_CRV_0.3%_POLY 0.514313373908696  0.3886892756978442  0.4846777996867348  1.0777478240486909  1.5161770188637844  0.9978383827112518  1.306177638406799  0.4757858883588163  1.23737147304685  0.2671390988850082  0.532863831881618  1.7774201670305845  3.9669438213776655  1.5309665454335588 
LINK_ETH_0.3%_POLY 0.43148840067204264  0.3817537138342073  0.3190608518499071  0.3918792280086036  0.7567701790417216  0.9459171856428588  0.21255136199535313  0.9242349169180998  0.5612810732512256  0.5387155354855926  0.5061696937579825  0.9665180443753963  1.0269140914923311  0.5495409426741107  1.0448379140973711  0.46516199584686097 
ETH_AAVE_0.3%_POLY 0.4821445408543952  0.39100034519236365  0.9032421749437474  0.9704876175947279  0.9744448468743809  1.3723988374521428  0.7507054706666427  1.5166430746109552  0.5517503734780468  0.594597162313338  0.8183238268724377  1.2474795955079003  2.2737994085044546  2.062470597937968  0.8865032155617429 
USDC_LINK_0.3%_POLY 0.3138333036484456  0.5004179295920738  0.6847692087597214  0.995699239014858  0.5816510963669616  0.8970067176113493  0.5782586484678391  0.3132266666505242  0.4317814050095798  0.6357839117909484  0.4781812310838908  1.2279171287793174  0.8026636037397945  0.6801876833096036  0.7648537279975096 
MATIC_UNI_0.3%_POLY 0.9612512421963042  0.34370187172328975  0.29161527680450366  1.3909057962509905  0.5076257836228205  0.6582500389726732  0.9117589281713195  0.7621440702809629  0.4050083017655639  0.5726108865288713  1.0140781400428058  1.4723432300329058  0.9185610656366725  0.7286979958320227  0.35761826916505773 
MATIC_LDO_0.3%_POLY 1.0766660220289717  1.667223669155782  0.8804122606861987  0.44544296242263914  0.3127426233710935  0.30698910282646746  0.9334354030582146  2.0541508448995174  0.8313634714613325 