LINK_ETH_0.3%_ETH 1.820055269009239  0.9725433882082967  0.8240541528777292  2.3266383644291757  0.9344280649343847  0.35710863759026806  0.7878811415290574  1.2309800239485174  0.0959482979037811  2.416612986996863  0.9754056428284427  0.6889064704371002  0.2471122795929126  0.6556838517576365  0.6385167365893067  1.1521106349396066  1.5092007422776137  0.9791867214232126  0.39926403182742054  1.6618621096481785  0.6254217647910671  0.7690026465492361 
UNI_ETH_0.3%_ETH 1.5008467631235456  0.3551649684821006  0.6139219943288552  0.4408538904377459  0.5148036058571601  0.33496719975240025  0.690705861501729  0.34163539343332294  0.9509523225092457  0.7189950783037405  2.5737672200188983  0.20267665694327858  0.40936047536621245 
ETH_ENS_0.3%_ETH 0.4662549005827682  0.968125131941701  0.4640573826145321  0.7354844934167836 
ARB_USDC_0.05%_ARB 0.5585715646887391  0.5426344754409825  0.8166278440274792  0.6735522775329738  0.9120455523935451  0.977532278822224  0.6176062777377056  0.39661127236471366  0.34504878458036736 
MATIC_DIMO_1.0%_POLY 0.5489472704280225  0.6468582393220743  1.0741016477453604  0.8315935575266965 
MATIC_AAVE_0.3%_POLY 0.4708536116794881  0.6145390419733966  0.4477787983734129  1.2959980541865295  1.0244426665515307  1.2568735699727276  1.3595936793299952  0.9656452558549733  1.3228020928866053  0.81760231595376  1.2644604565774131  0.5862277110072688  0.7454476241359839  0.7271530456859704  0.850204925409068  1.359609223067323  0.7070755847094493  0.847608101080699  0.71947066362946  0.6828829994567868 
MATIC_PYR_1.0%_POLY 0.9931082223394798  1.9177771144055948  0.9576738795201171  4.842827745060756  2.0423179675492236  1.6533599124027971  1.2980288560913953  4.669890904724088  3.1593062960649365  2.496074389800542 
MATIC_BTC_0.05%_POLY 0.6733560146181095  0.12088228124917097  0.06257707197365346  0.6782213790294095  0.5801250683058402  0.4153663252955494  0.20497869015536016  0.26508997520409266  0.23229002322822637  0.2961052388127079  1.4147830607892797  0.4803457880263466 
MATIC_CRV_0.3%_POLY 0.7608618472950979  0.770402082303961  0.565692358853388  0.8489128348296167  0.6674866691821749  1.7528742837161102  0.3867100957700269  0.8675803694457281  2.2498358935037195  0.30932918180783264  1.3253544283864913  0.9430126938633142  0.3331957200196053  0.21865366787515977  2.019049620706588  1.36133715574123  3.9785188094952306  1.5903842287822245 
LINK_ETH_0.3%_POLY 0.5301984707263588  1.2934785551250714  1.332233094067323  0.18144162549714846  0.5580301091205261  1.0349492994964713  0.5162253708107732  1.1983905531408328  0.12442369376412268  1.4077154443253248  0.8717058264390992  0.6239198465976161  0.7031884018756938  0.5945782398366587  0.5475978410173825  0.9487761408071094  1.6487513997570613  0.6071098457411463  0.5371512178848513  0.5253368621979748  0.6539771043871452  1.550202917692964 
ETH_AAVE_0.3%_POLY 0.3491697019728925  0.23615238487158915  0.3565831233761912  1.4677095982217525  0.6518335727230187  1.4684334858815542  0.657567899278971  1.8122529209199116  0.6800579817503696  1.5213182116114048  1.974339876902636  0.5462902096448445  0.5132557018453118  0.7889806140029444  0.6918836237515666  0.8250844104451307  2.113252140067754  1.3507958033695573  0.8495043147912231 
USDC_LINK_0.3%_POLY 0.23150502732049236  0.5193908921548984  0.5866918917205038  0.5933167928238644  1.2887712225308645  0.7414532971599059  0.45019313393434174  1.1257434749237074  0.8352332868893483  0.5340816868908381  0.5749966351814478  0.5646647898666577  0.6965136045122775  0.7405672316722476  0.9300501053491695  1.0896490323670387  0.5991081187638169  0.8790200683363786  0.5316067674082332  0.8149854207007521 
MATIC_UNI_0.3%_POLY 1.1694385466814914  0.73626624210321  0.35907489751220467  0.6474703631615178  0.7689423551364187  0.6921191683771944  0.5477446979134557  0.6284606098940889  0.9749488692786993  1.1257287451761668  0.6841300810081961  0.46667901221223007  0.8015832301785558  0.44718179219759124  0.994792008946511  2.645973639205411  0.7656608493308237  1.4477037830536885  0.7843732310838893  0.5095155065726948 
MATIC_LDO_0.3%_POLY 0.7469571011269124  1.2778250446124655  0.8838345326191905  1.2447644452885442  0.8168514582449683  0.5134527604302119  0.25761594237921537  2.8630302799207987  0.7861353375488364  1.438784782534769  0.5652684051919956  0.3605717208713551 