LINK_ETH_0.3%_ETH 1.634346711223372  0.8302453469149705  0.8547614547082993  0.8273721120921659  0.6263254997136676  0.9719665188307335  0.7351874133552859  1.3245929589704106  0.19751916551380036  0.8985476128455993  0.5562863551014736  0.8787973392071448  0.44824405087346664  1.1986122147079827  0.6419937281662972  0.4435753020645749  1.0410211429340852  0.6542464439847422
UNI_ETH_0.3%_ETH 0.6155214838968138  0.5070508112344171  0.44466925607745794  0.7502682412982632  1.3919721496207276  0.6747053841950732  0.8836688542899063  0.6860895518487218  0.29719335822192966
ETH_ENS_0.3%_ETH 0.5115930430651431  2.7706247610341386  0.21145348220088234
ARB_USDC_0.05%_ARB 1.0231169136648797  0.3845530849285124  1.0447047878092983  0.762627733933355  0.7092458717039727  0.5599550430159321  0.6523899701778995
MATIC_DIMO_1.0%_POLY 0.9121265424255689  0.9431270517217405
MATIC_AAVE_0.3%_POLY 0.6254686698940589  0.9775604526680418  0.7420708171180102  1.3302471031726564  0.8105971620534  1.700605185176723  0.7245642624356503  1.6049675568287722  0.8787090216454244  0.391958546595343  1.360766055673213  0.8504396582212773  0.9450952037884098  0.7181105546649299  0.7020142935971554
MATIC_PYR_1.0%_POLY 1.5753893332692794  0.7270411655236637  2.5980785875697756  2.2912586092719103  1.3049544209666024  1.6684924739014124  2.5594242052368736  4.630630695061533  1.703182001349082
MATIC_BTC_0.05%_POLY 0.3297014339793631  0.17430645844937806  0.19737512983987965  0.62469491241536  0.2513899499044684  0.1709389614310435  0.26238273488416963  0.5721430587623189
MATIC_CRV_0.3%_POLY 0.757111058038182  0.6422013018845644  0.6361514311924213  0.6944721835905848  1.3752640751842455  1.1675057624062914  0.8239605086756789  0.5681216941858642  1.6596502323456717  0.291313721628628  0.7111123767821789  1.2280623754631201  3.628422517647839  1.0488804640373064
LINK_ETH_0.3%_POLY 0.4759285196685803  0.7368870537535385  0.38914187306253745  0.6600275351316137  0.723138534917001  0.9072969803838316  0.2485555508250052  0.8086552711349282  0.5403699966975986  0.5957255619399866  0.4184431655166028  1.0897466638034512  0.5386243057564809  0.5343945845368031  0.7591607122682166  0.6604640536775999
ETH_AAVE_0.3%_POLY 0.3799079973462003  0.6692009902237896  1.1361586858136836  0.9379194298383353  1.1974785049956043  1.2481254782099913  0.5876644033987435  1.3532634038803846  0.5745565890605332  0.6149029087400499  0.942559047577964  0.8519197760802814  2.16691695924805  1.3117637240096214  0.8187549767576902
USDC_LINK_0.3%_POLY 0.3142414093749065  0.5003178460061555  0.6847692087597214  0.9946050640269295  0.5818838499069242  0.896917016939588  0.5782008226029922  0.3132579955829757  0.4317814050095798  0.6357839117909484  0.4781812310838908  1.2280399327725946  0.8025833373794203  0.6801876833096036  0.7647772426247098
MATIC_UNI_0.3%_POLY 1.4777756587789452  0.5844923925347351  0.5279139638158139  0.872678471429936  0.4630742763620692  0.7809486630934844  0.6162444829866187  0.85520444249887  0.539332663155148  0.6854508736211665  1.370265031519424  0.9255714656484612  0.7926398389848206  0.49571411970891793  0.5953588650043639
MATIC_LDO_0.3%_POLY 1.2074879820044242  1.5260859543186178  0.7425201359458359  0.4536629116413347  0.39375232251056136  0.3146033852640347  0.7687198252692383  1.3764653866968755  0.8157801190788062