LINK_ETH_0.3%_ETH 1.3407317029528623 0.781435046894231 0.6892661875920227 0.9256219386877849 2.730033034656848 1.297649417819408 0.7824831598131181 2.595711993426016 0.5305755361801416 2.3006214092460278 0.49888532735350627 0.16703585195908854 1.199405250289318 1.4553271617510717 1.454865558977016 0.5903705056038817 0.6650952126596852 0.6089124743706125 0.5734129624866373 0.6654964341157797 1.2895348335873429 0.9348345002053607 0.6987939532441889 0.5565383987829217 0.25717436765835644 1.2289807052839041 1.4642689651741099 0.88845378950744 0.514718201826305
UNI_ETH_0.3%_ETH 0.8293511215182744  0.9029371554325484  0.44237172481825215  0.4606522024994175  0.8016021819428925  0.953177096931671  0.39839015314335  0.6395448345238856  1.1302057656600315  1.3427285855469087  0.74263302327733  1.0577040243122682  0.8873913423058659  0.6710438914329593  0.41202290181573303  0.1273539306967356
ETH_ENS_0.3%_ETH 0.4795195159808041  0.7495937192919772  0.14952019116975285
ARB_USDC_0.05%_ARB 0.49221010641384744  0.2973456758744812  0.9095176535127176  0.7302897396810825  0.5577036716177741  1.007797434329752  0.7099867512550879  0.8848451521856388  0.7010584000234777  0.7732928441968022  0.5998088587482866  1.0003620903604076  0.51160178929408  0.503745827164263  0.6821573719612363  0.45434894247526325
MATIC_DIMO_1.0%_POLY 0.7697154618824213  0.656398748558579  1.2262425085606812  1.1619401067987236  1.110403102749688  1.5091543672312464
MATIC_AAVE_0.3%_POLY 0.5350361144940362  1.1643929724762796  0.5792951261912016  1.0526123730404953  0.6774156363511928  0.7217549370045436  1.6816100449436517  1.1411752718872714  0.7994013526991078  1.1038223556712823  2.44653345997644  0.7879280882862854  0.8872643624600142  1.1267410699846048  1.4610555128435736  1.6415088425819464  0.8856166068336652  0.709901894746171  0.6205381363124828  0.5067549460301989  1.6829209365818807  0.6878100178444422  0.5007643566403152  0.8715926952209305  0.46661846919457844  1.2502246501191083  0.7058459799851786  0.7444508793705451  0.734238392039187  0.8870148351065457  0.620435522521755
MATIC_PYR_1.0%_POLY 1.2110964669054713  2.0399543660714827  2.5293304550387496  3.326852379863152  3.9689268638418045  2.9059452336589087  2.8210688567997235  1.0026068721724675  2.4267853683674434  3.519076992773537  3.9012463440353127  1.0094936265577372
MATIC_BTC_0.05%_POLY 0.9271190846199536  0.254293989884369  0.14254639812111874  0.14687952950672173  0.20038589514781857  0.4009888567332512  0.572529301099103  0.4639317385149187  0.2366022919484963  0.19606923210957958  0.3170110374809706  0.2206328356646811  0.2245379402462066  1.2550578949569084  0.9604969870643042  0.6746466997903592  0.7038696949189001
MATIC_CRV_0.3%_POLY 1.0634121806631889  0.6507748360470864  0.6274785952038978  1.0299342644815452  0.7199433368368182  0.7220672489707115  1.135875394700544  0.7652706920190602  1.4340303209229814  0.3639380408193495  1.2247634689090487  0.7134505966080924  1.5802543696362727  0.541181811711825  0.5982036043049654  1.5583701972996338  1.2886820695267376  1.279719591621246  0.34165769870320073  0.24963413792106165  0.3178507086862315  1.355747825156287  1.1511602526973335  1.3872204208050123  0.7748351706763682  3.3406293584992177  1.1056692180983  1.703356632934892  0.9697484176422876
LINK_ETH_0.3%_POLY 0.4240832651497291  1.7855175799833407  0.8311989232223442  0.6667084842403904  1.0379196573996547  0.531054329394865  0.8540351305205368  0.6873857020516816  0.8357349615265717  1.229900534890987  0.55166775447767  0.1576528149297537  1.7256619683317107  1.0408014442769475  1.2970264535123313  0.9176132858384047  0.6777406063231126  0.9321633560779082  0.49789497210086253  0.5579117000923569  0.5215585809174987  0.6028812192570331  1.1575028338333582  0.7525187214436889  0.6789277045468072  0.5313691624688103  0.3331063133637711  1.7010420549679266  0.7334010990044322  1.1565515381862765  0.4495848623052272  1.7593924978852038
ETH_AAVE_0.3%_POLY 0.5332341754124206  0.4800084282132581  1.095710372312811  0.5684216119681595  1.524591779509638  1.377814260478846  0.8557539875270799  1.0880451921913075  1.3783247908865175  1.081126522559236  1.1914528814811687  0.5651569791316071  0.9339985947556487  0.9866488385777361  0.7318586233181144  0.5001450007040689  0.7237683111444557  0.5930991046921692  0.9360624812527495  0.47734140722632473  1.1604416351239017  0.5228894259723011  1.6481205953602986  1.041207712211505  1.1528933499873135  0.7057814568469177  0.4960402315165125
USDC_LINK_0.3%_POLY 0.3967829166193383  0.24045512023364263  0.5907305480533062  0.601622375833789  0.5377354696223917  0.6758534830486499  1.2881235620389415  0.6804965294804771  0.6075903839982046  0.41248933739556437  0.876573278287602  1.0401333818459124  0.7971698183186674  0.49777878494278555  0.4876597186443077  0.41135678212256377  0.5825473512911568  0.819283019549425  0.5561722614723519  0.48388680050135907  0.5594135349298234  0.9153330293451675  1.08542554343493  1.1011049916972784  0.505463259442356  1.0353936821317575  0.6962726539106294  0.5506141564904826  0.6959354422985572  1.4859814310740909
MATIC_UNI_0.3%_POLY 1.2703280515831834  1.7388514689282668  0.7273057173194247  0.6618865535491321  0.586559446725567  0.26232479280396764  0.7109704198280995  0.6099717225155677  0.4912191664135075  0.6769457920618404  1.2240794108019182  0.5086875694410683  0.5368993519753991  1.3017651319712973  1.4018500628064239  0.8924555145300432  0.6082551009924331  0.49554216137091345  0.7919920355348702  1.3156935762427064  0.7148970410682377  1.0621654384583574  0.829713612661786  1.6171894627453607  0.5867520009457757  0.4708778136549828  1.1815247778318752  0.8203403669951578  0.6672297823913055  0.7765493717932918
MATIC_LDO_0.3%_POLY 2.1401862435319763  0.8542200469424716  0.7442137308111203  1.2961044618050879  0.46865860814166055  0.6491422968186901  0.32270397987057364  0.847810082834275  0.8533145313358133  0.973308009001924  0.5768436541577932